gene	chr	start	end
SOS-1	2	38981396	39124744
Grb2	17	75318076	75405709
IRS-1	2	226731317	226799759
PTEN	10	87863113	87971930
NF1	17	31007873	31382116
Raf-1	3	12583601	12664226
PDK1	2	172555373	172670881
AKT1	14	104769349	104795751
AKT3	1	243488233	243851079
AKT2	19	40230317	40285536
SGK1	6	134169246	134318112
RHEB	7	151466012	151520120
GSK3b	3	119821321	120094417
TSC1	9	132891348	132945370
TSC2	16	2047465	2088720
MAP4K3	2	39249266	39437312
IPMK	10	58191517	58267937
EIF4EBP1	8	38030341	38060365
eIF4E	4	98871684	98930637
Maf1	8	144104402	144107612
Rho	3	129528639	129535344
eIF4B	12	53006158	53042209
PDCD4	10	110871795	110900006
eEF2K	16	22206271	22288745
CBP80/20-Dependent Translation Initiation Factor	18	48539046	48863217
eEF2	19	3976056	3985469
eIF4A1	17	7572706	7579006
eIF4A2	3	186783205	186789900
Lipin-1	2	11677545	11827409
SREBP1	17	17810399	17837017
SREBP2	22	41833079	41907308
ULK1	12	131894651	131923167
ATG13	11	46617276	46676019
Dap1	5	10679230	10761275
TFEB	6	41683978	41736259
HIF1a	14	61695401	61748259
PGC1a	4	23755041	24472771
YY1	14	100238298	100282792
paxillin			
PIK3R4	3	130678934	130746852
PIK3C2G	12	18242965	18699660
PIK3C3	18	41955199	42087830
PIK3C2A	11	17077730	17207996
PIK3CB	3	138652698	138834938
PIK3CG	7	106865278	106908978
PIK3CA	3	179148114	179240093
PIK3R3	1	46040140	46176495
PIK3C2B	1	204422628	204494815
PIK3R1	5	68215720	68301821
PIK3R2	19	18153118	18170540
PIK3CD	1	9629889	9729114
PIK3R5	17	8878911	8965712
MTOR	1	11106531	11262557
FOXO1	13	40555664	40666660
FOXO3	6	108559823	108684774
FOXO4	X	71096149	71103535
FOXO6	1	41361922	41383591
